-15 0   0   0.0 THROW   -100
-14 0   0    0.0 THROW   -100
-13 0   0   0.0 THROW   -100
-12 0   0   0.0 PASS    -30
-11 0   0   0.0 PASS    -30
-10 0   0   0.0 PASS    -30
-09 0   0   0.0 PASS    -30
-08 0   0   0.0 PASS    -30
-07 0   0   0.0 PASS    -30
-06 0   0   0.0 PASS    -30
-05 -1   1  0.1    THROW  500
-06 -2   2  0.2    THROW  500
-05 -3   2  0.4    PASS    -30
-04 -4   2  0.4    PASS    -30
-03 -3   2  0.5    PASS    -30
-02 -2   3  0.2    THROW  500
-01 -1   3  0.1    PASS    -30
00 -4   3  0.7     PASS    -30
01 -1   3  0.2 THROW  500
02 0   4    0.0 THROW  500
3 0   4    0.0 PASS    -30
4 0    4    0.0 PASS    -30
5 1   4    0.45  PASS    -30
6   2   4    0.45    PASS    -30
7   3   5    0.45    THROW  500
8   1   5    0.1 PASS    -30
9   4   5    0.60    PASS    -30
10  0   5    0.0 PASS    -30
11  0   5    0.0 THROW   -100
12  0   5    0.0 THROW   -100
