-48 0 0 0 1 -70
-47 0 0 0 0 -1
-46 0 0 0 0 -1
-45 0 0 0 0 -1
-44 0 0 0 0 -1
-43 0 0 0 0 -1
-42 0 0 0 0 -1
-41 0 0 0 1 -70
-40 0 0 0 0 -1
-39 0 0 0 0 -1
-38 0 0 0 0 -1
-37 0 0 0 0 -1
-36 0 0 0 0 -1
-35 0 0 0 0 -1
-34 0 0 0 0 -1
-33 0 0 0 0 -1
-32 0 0 0 0 -1
-31 0 0 0 0 -1
-30 0 0 0 0 -1
-29 0 0 0 0 -1
-28 0 0 0 0 -1
-27 0 0 0 0 -1
-26 0 0 0 0 -1
-25 0 0 0 0 -1
-24 0 0 0 0 -1
-23 0 0 0 0 -1
-22 0 0 0 0 -1
-21 0 0 0 0 -1
-20 0 0 0 1 -70
-19 0 0 0 0 -1
-18 0 0 0 0 -1
-17 0 0 0 0 -1
-16 0 0 0 0 -1
-15 0 0 0 0 -1
-14 0 0 0 0 -1
-13 0 0 0 0 -1
-12 0 0 0 0 -1
-11 0 0 0 0 -1
-10 0 0 0 0 -1
-9 0 0 0 0 -1
-8 -9 1 0 1 500
-7 0 2 0 1 500
-6 24 2 0 0 -1
-5 -18 2 0 1 -70
-4 -10 2 0 1 -70
-3 -20 2 0 0 -1
-2 34 2 0 1 -70
-1 -4 2 0 0 -1
0 6 2 0 0 -1
1 -15 3 0 1 500
2 77 3 0 1 -70
3 26 3 0 0 -1
4 1442 3 0 0 -1
5 -6 3 0 0 -1
6 89 3 0 0 -1
7 7 3 0 0 -1
8 -32 3 0 0 -1
9 10 3 0 1 -70
10 0 3 0 0 -1
11 7224 4 0 1 500
12 -23 4 0 1 -70
13 3 4 0 0 -1
14 16 4 0 0 -1
15 61 4 0 0 -1
16 -14 4 0 1 -70
17 -6 4 0 0 -1
18 6 4 0 0 -1
19 19 4 0 0 -1
20 35 4 0 0 -1
21 -29 4 0 1 -70
22 -20 4 0 0 -1
23 -2 4 0 0 -1
24 1 4 0 0 -1
25 6 4 0 0 -1
26 15 4 0 1 -70
27 19 4 0 0 -1
28 12941 4 0 0 -1
29 -232 4 0 0 -1
30 -13 4 0 0 -1
31 -11 4 0 0 -1
32 -2 4 0 1 -70
33 -1 4 0 0 -1
34 2 4 0 0 -1
35 4 4 0 0 -1
36 5 4 0 0 -1
37 10 4 0 0 -1
38 11 4 0 0 -1
39 28 4 0 0 -1
40 28 4 0 0 -1
41 -79 4 0 0 -1
42 -76 4 0 0 -1
43 -12 4 0 0 -1
44 -11 4 0 0 -1
45 -3 4 0 0 -1
46 -3 4 0 1 -70
47 -1 4 0 0 -1
48 0 4 0 0 -1
49 0 4 0 0 -1
48 1 4 0 0 -1
47 1 4 0 0 -1
46 2 4 0 0 -1
45 2 4 0 0 -1
44 3 4 0 0 -1
43 3 4 0 0 -1
42 5 4 0 0 -1
41 5 4 0 0 -1
40 10 4 0 0 -1
39 10 4 0 0 -1
38 23 4 0 0 -1
37 23 4 0 0 -1
36 -308 4 0 1 -70
35 -307 4 0 0 -1
34 -15 4 0 0 -1
33 -15 4 0 0 -1
32 -5 4 0 0 -1
31 -5 4 0 0 -1
30 -1 4 0 0 -1
29 -1 4 0 0 -1
28 0 4 0 0 -1
27 0 4 0 0 -1
26 0 4 0 0 -1
25 0 4 0 0 -1
24 0 4 0 0 -1
23 0 4 0 0 -1
22 0 4 0 0 -1
21 0 4 0 1 -70
20 0 4 0 1 -70
19 0 4 0 0 -1
18 0 4 0 0 -1
17 0 4 0 0 -1
16 0 4 0 0 -1
15 0 4 0 0 -1
14 0 4 0 0 -1
13 0 4 0 0 -1
12 0 4 0 0 -1
11 0 4 0 0 -1
10 0 4 0 0 -1
9 1 4 0 0 -1
8 1 4 0 0 -1
7 -5 5 0 1 500
6 -96 5 0 1 -70
5 16 5 0 1 -70
4 9 5 0 0 -1
3 15 5 0 0 -1
2 60 5 0 1 -70
1 -16 5 0 0 -1
0 17 5 0 0 -1
-1 -3 5 0 0 -1
-2 120 5 0 0 -1
-3 -3 5 0 0 -1
-4 -35 5 0 0 -1
-5 30 5 0 1 -70
-6 -6 5 0 0 -1
-7 330 6 0 1 500
-8 8 6 0 1 -70
-9 -39 6 0 0 -1
-10 11 6 0 0 -1
-11 -4 6 0 0 -1
-12 -324 7 0 1 500
-13 26 7 0 1 -70
-14 -4 7 0 0 -1
-15 -23 7 0 0 -1
-16 -549 7 0 0 -1
-17 10 7 0 1 -70
-18 1 7 0 1 -70
-19 -15 7 0 0 -1
-20 16 8 0 1 500
-21 -9 8 0 0 -1
-22 37 8 0 1 -70
-23 -15 8 0 0 -1
-24 -11 9 0 1 500
-25 4 9 0 1 -70
-26 56 9 0 0 -1
-27 -30 9 0 1 -70
-28 -13 9 0 0 -1
-29 -14 9 0 1 -70
-30 -26 9 0 0 -1
-31 -51553 9 0 0 -1
-32 11 9 0 1 -70
-33 -31 9 0 0 -1
-34 13 10 0 1 500
-35 -12 10 0 1 -70
-36 -123 10 0 0 -1
-37 14 10 0 1 -70
-38 -30 10 0 0 -1
-38 -38 11 0 1 500
